P 50 -50 0
P 50 -50 50
P 100 -50 50
P 100 -50 0
P 50 -100 0
P 50 -100 50
P 100 -100 50
P 100 -100 0
P -50 50 50
P -50 50 100
P -100 50 100
P -100 50 50
P -50 100 50
P -50 100 100
P -100 100 100
P -100 100 50
P 0 25 25
P 0 25 50
P -25 25 50
P -25 25 25
P 0 50 25
P 0 50 50
P -25 50 50
P -25 50 25
L 0 1
L 0 3
L 0 4
L 3 2
L 3 7
L 2 6
L 2 1
L 5 1
L 4 7
L 4 5
L 7 6
L 5 6
L 8 9
L 8 11
L 8 12
L 11 10
L 11 15
L 10 14
L 10 9
L 13 9
L 12 15
L 12 13
L 15 14
L 13 14
L 16 17
L 16 19
L 16 20
L 19 18
L 19 23
L 18 22
L 18 17
L 21 17
L 20 23
L 20 21
L 23 22
L 21 22